.Random.seed <-
c(403L, 10L, 1820454377L, 2023406264L, 1081908582L, -1084877311L, 
1338474643L, -86983870L, -516688652L, 1068622071L, 2076268781L, 
-933831804L, 1503032746L, -1216451819L, 163387823L, 769464758L, 
-1326923808L, 989171491L, 1697767489L, 1028635440L, 50721102L, 
-816847943L, 500471243L, -106600838L, -1643132036L, -2119089217L, 
-202232683L, -394054996L, -1258557310L, 1946337373L, 352286551L, 
-167646658L, -811475336L, -827507365L, 443985081L, -171424504L, 
-90716234L, -1032295183L, -1832965341L, -1169183374L, -993409084L, 
-415636601L, 1530442077L, -853217452L, -595282566L, -147681083L, 
-448777697L, -1310116442L, 1081194288L, -194527789L, -2003153935L, 
-1621316320L, 1521429438L, -1006263351L, -1439108229L, 1778700618L, 
-1532772948L, 1775749295L, 249352805L, -942732772L, 1627268210L, 
-1496966419L, 1785038631L, -912317618L, -1271944280L, -631140437L, 
-98394935L, 2045275352L, -357551738L, 2139162721L, -498374157L, 
1255938146L, 2085719764L, 539121623L, 575440333L, -851107484L, 
1452860746L, 1375364277L, -487037937L, -1104610026L, 1559578560L, 
-154930301L, 3621281L, -35426928L, -422797714L, 1016907801L, 
-864021333L, 285845658L, -978667428L, -543148705L, 1567407925L, 
538710732L, 1187860514L, 1504705149L, 1076891511L, -812957538L, 
620232536L, -36787525L, -911920039L, 1914089448L, 2115172886L, 
664960401L, -2124978621L, 1133606226L, 1915410916L, 1798150183L, 
42001533L, 1566820724L, -1856764582L, 1982288805L, 1116963775L, 
-295391162L, 1112096464L, -1969075981L, -716169711L, 2044913728L, 
-676684770L, -831456535L, -1302077413L, -210130902L, -488031412L, 
-1676027633L, 1990331461L, 919358972L, 1417018450L, -93200947L, 
-1866367097L, -81577362L, 2072951368L, -788280245L, -586502743L, 
-2039398152L, -90856410L, 1109763393L, 2023690963L, -206235006L, 
322551988L, -82726857L, -589782227L, 810260548L, 205170026L, 
1859228117L, -1692219537L, -1159823754L, -644763232L, 404141667L, 
895766273L, -1520648592L, 2124208654L, -1040690567L, -1068138997L, 
-2006134982L, -74238404L, -1493328513L, 451686101L, -1969307924L, 
-1912401854L, -792463459L, 746423831L, -836568194L, 1147246904L, 
-1556072933L, 1948948345L, 511578568L, 1521143286L, -2050641871L, 
-522257821L, -563304910L, 1816245124L, -1915153977L, 1943550109L, 
-687968236L, 926942906L, 466786053L, -357714721L, -1456949914L, 
375570672L, 142951443L, -1545975375L, -534707104L, 84136446L, 
-506268279L, -1173507397L, -1341284726L, 1269487980L, 145628911L, 
-337762011L, 1155811292L, -205412942L, -1643563859L, -942238617L, 
-1862095986L, -1289622424L, -1038432149L, 812634633L, 1586568344L, 
1876824006L, 1185800993L, 422817715L, -187988190L, -268150508L, 
76200343L, -964531827L, 1781264548L, 580430474L, 489693429L, 
-70990001L, 2120990806L, -1172870400L, 1352883779L, 65512929L, 
1891086672L, 1726769070L, -850748071L, -820270229L, -807425318L, 
-1230484580L, -1259104353L, -1688429067L, -1070321524L, -1099615902L, 
1324395837L, -1556095561L, 1683335774L, -1312310376L, 555389691L, 
-290989415L, 964567848L, -480357930L, 2031559394L, -1598009176L, 
1478646988L, 859705852L, 1898342322L, 1494993392L, -482593340L, 
-769363112L, 1003736954L, 1232299440L, 1834229180L, 695905364L, 
923815874L, -1605691616L, -503766084L, -1885610416L, 1286937058L, 
-1651825304L, 1449153868L, 2046639356L, 1111761650L, 935611136L, 
-1539969420L, 566295560L, -925890118L, 1256303568L, -1790978580L, 
-932380780L, 595873490L, 1175751264L, -1889938100L, 2109935904L, 
1555228290L, 1106216424L, -42443796L, 2035948092L, -1663228302L, 
1875237744L, -1419364060L, 1626417720L, 1150495130L, 1071525328L, 
-1345647172L, 1975854228L, -2042605438L, 101479872L, 437061436L, 
398104720L, -1012659422L, 1822654984L, 1103954188L, 1232349596L, 
-1381000686L, -1659969664L, -582126828L, -1548904152L, 118792250L, 
729207760L, 1250199148L, 1598288436L, 2093733522L, 1172639072L, 
-371023540L, 315257824L, -853622366L, -916397656L, -701301108L, 
-1899694660L, -577166734L, -2023117840L, 193305156L, -146464680L, 
1639887930L, 859774064L, 589464636L, -698622700L, -1901141310L, 
1271863008L, 1652808828L, 156500688L, 1163878818L, 1525617704L, 
-675571956L, -1799748164L, -258726094L, -1637609792L, -1573394380L, 
14560968L, 40822970L, -1275739504L, 237577964L, -1351691692L, 
437948050L, 134501664L, 1603345868L, 1237249760L, -881967934L, 
-4269016L, 1339466668L, -768702788L, -387332110L, -1491619280L, 
214096804L, -670947912L, 145917786L, -1730013040L, -461740164L, 
-1133943532L, 1210597698L, 1397947648L, 883057084L, 1578442064L, 
-207714014L, -928648632L, -369435636L, 787378780L, -990841390L, 
1809694208L, -1604808364L, 487654632L, 498718970L, -334302512L, 
1431854892L, 1160658164L, -465914478L, 1658022240L, 1967073292L, 
317253856L, -164174238L, 630517928L, -2081056692L, -1968777348L, 
271326514L, 1437503088L, 208537412L, 1954237400L, -1453289606L, 
-497957840L, 1290608572L, -339060140L, -283193278L, 464393888L, 
-1437119812L, -852654128L, 1364846946L, 828394216L, 333004L, 
1738312188L, -151686670L, 1066471552L, -1157304844L, 1954089608L, 
1586284346L, 1157462352L, -1551812500L, 2092549524L, 206810194L, 
1346900448L, 116949196L, 244820640L, 745976194L, -1850321688L, 
564706028L, 80916796L, -1075483534L, 402857584L, 97441316L, 558637112L, 
471315738L, 1864233168L, 1252158780L, -1148072044L, -1907476606L, 
1796796352L, 1285008956L, -360980080L, -1151663070L, 1193746696L, 
1107059852L, 179786524L, -70610798L, 1113473408L, 118570004L, 
-1288472792L, -859587014L, -141467184L, -1915772564L, 727101364L, 
-1659161070L, 1114248160L, -886532660L, 259376352L, 664356898L, 
-1746858200L, 1535706636L, -2124854468L, 752327666L, 1600459504L, 
-1812037052L, -170482088L, -1052315846L, -1966248976L, 1172496060L, 
-854369004L, -444940094L, -1418181536L, -1300901508L, -1129820208L, 
125970722L, -1819959640L, 482448268L, 873862332L, -326113486L, 
120435264L, -1105097548L, 1902289992L, -289324614L, 383053328L, 
-2037905172L, -1346809516L, -891687150L, -1915685472L, -1272378676L, 
-1469356448L, -210731070L, -1643734232L, -1705531988L, -2101123697L, 
-67585319L, -1681484434L, 2016950524L, -1523776915L, 1811471895L, 
633560032L, -588273730L, -1523296885L, 1621411341L, -320398790L, 
612397688L, -1556030943L, -285379373L, 1474687988L, -750037886L, 
-1587512041L, -266818591L, -997720794L, 1922087972L, -1403013419L, 
1340732031L, 1975165720L, 1538996790L, 901012675L, 1382183173L, 
582969506L, -245875056L, -2071774663L, 1172292331L, 1934771164L, 
251930122L, -71034625L, 36322633L, 1814490846L, 675763340L, 1173578845L, 
598907495L, 2022359952L, 2079565742L, -766876069L, 1810004541L, 
712363178L, 1181547848L, 128401777L, 1110681315L, -1259180572L, 
1445585170L, 1667849447L, 1542679217L, -929992458L, 732379924L, 
1507431461L, -1072172753L, 125667048L, -1760021562L, -2079725965L, 
482625749L, -1788456270L, 1266965120L, -1780196759L, 1282969307L, 
107473452L, 1945150010L, 2123001071L, -1552515207L, 935625742L, 
-1872184868L, 413899341L, -760960585L, -234731712L, -32522722L, 
-1582937877L, 46610541L, -1148366630L, -1593806696L, 2120238849L, 
469945523L, -1513461804L, 443990754L, -895507593L, 79122113L, 
1794410054L, -2036565628L, 281331509L, -1496828641L, 669654136L, 
1862846806L, -81909789L, -309612123L, -579771326L, -1090667984L, 
-190213543L, 488506315L, -1779096516L, 330181226L, 798288031L, 
-251051735L, -1344481858L, -2144230228L, 140009981L, -785913529L, 
-518053328L, -1261296818L, -1470355589L, -973795107L, 39344394L, 
-1332397016L, -1627950959L, 830375043L, -186571388L, 205472690L, 
993479943L, -1903159471L, 1779554006L, 1010683828L, 266575813L, 
787439375L, 426433928L, 387610790L, -664672173L, -2048814667L, 
-1694017774L, 1537883360L, 519770441L, 283028347L, -439527860L, 
438167514L, 1107523023L, 497042329L, 2021708718L, -1253631812L, 
-435900115L, 1866711767L, -587764960L, 449154174L, 384266827L, 
-1745567667L, -817996166L, -1245870408L, 789152865L, 965322259L, 
1026255924L, -662973886L, -966937001L, 1763036577L, -1941393818L, 
1943690852L, 1119395221L, 493358783L, 608777816L, 50750070L, 
